
928385274
827334973
1562815926
757063596
568395986
421983837
844322558
645785189
460249809
1102784984
330920608
331597520
1551387098
502468524
3063729
574828387
957704171
1561488195
451656420
312368291
962769566
1569109430
626154992
258819183
447547756
492545649
610707048
1543409702
63568109
498455423
284270589
982605927
1037764104
271402674
770875535
1195532887
1515062826
1971496141
1410317649
849041753
756319604
1012685466
1573528551
896918753
958227157
420151685
485140643
271526556
1547121632
380608486
951496097
543630267
1562877927
769075629
745046465
389069946
458009891
214135821
978167857
1534696424
740351477
1304890513
727703435
1002917112
799970846
1945208094
1536742453
1490366621
20051320
418806311
1079006361
469848438
973744343
1577453981
294313138
774317693
674732554
598681334
904586000
821985848
1295727503
1599568897
1172388864
945367581
1586978803
307682046
95239425
466214740
1037556693
1530407224
625186843
794382237
935728344
812351048
1227064566
837958978
410465192
1142571346
767423640
1028337435
1069118660
526406145
1203790941
357286845
823800325
724545845
448735606
923670445
596823770
1439617893
532490722
1178108674
583090405
916851502
531909401
986915212
1183924967
893159681
850324724
519665846
343319476
869923135
1034393079
