784185860
1142268631
275951181
345596935
1940128633
361358768
1510071503
1049114727
272987690
358522129
640208642
541961310
312530946
843201791
352405037
793340687
764919635
1351577944
708802930
593269786
289449374
1157886882
377903425
26841
1125697933
530446480
943176071
931731580
578846977
530547765
379744187
1257209093
409558913
773962067
1490496690
1031078491
363515299
1343987105
1251990773
280627855
1011160446
393919886
120135065
277248691
517935850
294944571
584083656
564045843
1758311715
646161069
358817615
398783847
343493341
1529089518
496800392
609958238
799079001
290000959
727484924
578079808
815645072
879408756
417444010
1159966499
847650587
511306747
240800711
512249071
656178086
745654430
577154495
915231843
825432681
764123446
510772023
625909562
987662539
529006892
595110235
51108635
229491222
461632488
739523795
317582412
474246983
741691659
1318907595
970419725
480875526
598142442
415789656
105663724
475215400
842677670
501966158
296077697
1252304206
178332913
281712621
120684727
1012803023
457986691
759975664
1284928414
1455032733
1163442429
1057161508
501242713
364491712
491232201
975420448
1150713915
420946707
1776173600
1143521832
1292993906
462709010
517172449
1074856048
969787343
838700504
359273886
1034404873
1059529348
673471335
384515765
812518889
244235613
494051826
798394835
792402968
1034168632
1163723984
1475485439
493333642
1455384241
328469577
1432834959
1278324131
499057229
455351325
747953740
814253855
1712860200
527706375
827553144
710488569
851727062
871386877
1175127744
398541261
903905276
44046958
516187967
57332067
410054018
1179010197
1459068796
1831497949
985305332
657687436
747179292
582189462
1040394587
309228843
1025190924
997170682
404588264
1076199843
1060120074
877497171
1614695148
569506148
353170686
610331045
1531970157
452968133
1198942716
819569978
1494765938
601285620
1693146812
771806159
903646076
591172049
1218820297
1069345693
915355211
344973801
624182620
930064037
1403890007
1364786650
237246156
568076977
870608730
1715266244
1347818110
1549113294
1184880499
1830211145
770847740
872916348
1025778057
273782032
1261634528
962622283
616798718
4555954
1607144006
1175039534
813229661
272356771
486752739
791750740
475307008
838075118
460570095
969195692
820057410
709069047
741618381
1315389498
565787978
234874784
634011872
519113259
1392268990
1131863961
1091399148
594494237
173532253
386669642
819782402
1472250148
156617864
412840408
1092677812
741718269
1933532602
489546471
874774348
878439051
312143267
1549373797
1178567479
1196727441
1449362954
645911537
1023887283
510056573
547127796
1562309578
396124492
1034973628
743482170
646587287
991739158
1287651036
568959851
1312322630
592558560
289892896
343014909
793141010
237656723
1391984699
474918457
744683532
1063365838
974966669
1533496894
576406258
1356844503
540971805
1315599819
992515611
913202625
1422026303
394155991
1287066159
479231227
1130248324
807140488
310261091
569575861
499038358
1207284172
237303692
704339379
172411048
1403150731
619187779
791626614
1661140143
1361606338
1033435726
1655587565
695938405
877060508
799077533
823225698
490358784
811697623
916351599
525065008
1135966392
625093296
1320531338
389395352
450110596
1207205620
184633316
820258960
1126053633
1220412142
1262435028
1023246998
512536137
874002340
363954122
812010360
953206031
354392257
1123141265
1909858153
547706381
499763785
502027126
821762538
1246828486
269395896
857400135
190296259
919526222
296509859
501269260
904673479
709317366
995669383
752788985
1109172769
283364962
875983447
893003180
897256876
1484120104
313218679
387861079
1479536140
641420272
512769887
1426503776
401618227
364531931
727274135
302885639
1006919979
747543044
1635708564
1147195944
1249746400
1220574962
643118243
1448307013
1278070635
1019616631
1349375665
954799851
1284714131
281141432
197587676
1154704137
1337156597
1095867160
836616421
810504249
764535181
572195050
649401379
237441285
532818083
349872095
303346063
1135927806
365037519
1402258464
495769181
504291785
562661194
944215176
715522825
834940873
1107860600
921172986
974095832
710259387
1271578844
1303958747
642729975
1072654717
1378368798
845621136
1923740279
1620471345
903814608
844556947
1151604675
319392700
912516636
786385410
1182757037
1091362091
1928907634
714691577
22355080
785479738
317829471
382680545
459897040
601836375
554932473
907575625
876639047
940599830
875357176
1271265252
929114726
1849813376
1990815151
1129482356
582903912
445059854
545269192
727331330
837416526
519139385
974513236
575194504
916962491
353523942
1352779488
744157730
836769897
545791386
806158516
528553843
450107831
452593719
1017352350
513204174
874755075
253790570
932098600
893240767
1414934183
843223690
271812130
604772159
296277197
277132063
962061978
1213797881
461442162
597546460
380228489
280534861
736733927
476017257
864368746
1319152608
397245769
792318942
1134324807
792382248
119002166
1439899445
254534875
834265758
764155441
619557129
834629151
565960094
282340338
425268354
1434436178
543140693
1522346534
1194948149
942918344
274822790
278805351
972399574
754375529
475158159
522414355
1017257622
307001180
610540753
173924526
929357182
1510096115
448674764
346153214
393915234
815908588
871717850
100049732
624425362
1129578392
358257997
752427049
545943290
383976033
530417133
420537734
23295772
315311278
501838683
495095951
381424462
757275359
313294118
576499776
373008969
763888254
745423120
179791812
943706847
1250268082
997013657
244497805
516584313
563036942
281537945
384549942
461235075
449225795
1010592218
378283297
229102343
759105010
348392251
550945316
1075586889
930439735
562327540
516370961
823579153
353948244
376560909
591908339
11956751
464211149
461967189
137304408
874052254
459476401
478025904
406532434
475679214
361933871
526758501
503412995
413156316
471228440
450189578
844704786
741926214
757063836
349907186
1740964521
978227540
809337374
609916630
644265517
383311785
690312597
422983701
496058688
290108601
279097479
280618720
784513267
1029433362
1005937318
1158193375
273534192
358888047
553519353
224178187
254728252
412836048
1052011330
214328073
1394431591
303951197
1481854495
1309324437
547673715
973910754
269020906
275423141
545074425
1521255671
1073349357
498707248
1029161903
417853641
