
928385274
1193268947
393127574
373655039
956315548
710519937
1094827980
1358565973
1191295605
1443184959
1964804607
1095568545
1534478787
974883306
979549089
1467830664
1084056011
157662118
995258324
1067086814
404421192
984046137
100946448
531059028
854074978
1540692871
153826140
652859179
1531325095
819352677
1598192770
532830205
506418695
948046793
824375098
774099544
771867353
1452678185
1012194774
895111430
956689798
1150059259
1023191058
519260261
1032789208
851852752
1183056742
1271873905
843662325
804034108
897360505
1342652926
389737961
1548469561
570199898
852369470
390032100
85283557
867934361
614035603
1011457827
1243490409
774282174
524912677
815025616
474761104
384158176
323109402
284151382
418590932
1572460558
315502048
979915016
1149519322
1341504277
